0,475.0667114,419.7341919,419.7341919,109.4404068,109.4404068,109.4404068,109.4404068,992.5291748,1558.012695,379.4694519,2423.610596,411.9733887,1406.680176,1550.5448,345.6150513,631.0004272,184.7576294,184.7576294,956.477417,4086.055664,1326.0625,2288.666504,1523.470093,1525.947144,1542.327393,453.6315918,542.1572876,1007.266113,483.0916138,76.25269318,1726.575806,1414.853027,1450.810669,676.0408936,273.6627197,322.4010925,2390.223389,2386.69873,2394.381836,772.2299194,205.6046753,1518.221436,1511.983154,2340.401123,1803.333984,1661.306885,1661.306885,1752.224731,1701.796875,1724.015625,1724.015625,2339.109375,1473.313965,1473.313965,1762.902222,2395.859375,1015.882629,1015.882629,1015.882629,1112.672485,1749.30957,1749.30957,413.4822693,1722.565674,1314.064331,406.7191467,406.7191467,406.7191467,2429.721924,1730.894653,354.8414307,1739.698364,449.7911987,1705.344971
475.0667114,0,861.1313477,861.1313477,581.8411255,581.8411255,581.8411255,581.8411255,1458.836792,1808.189575,807.5287476,2851.793213,850.4212036,940.9406128,1797.491333,807.8430176,1043.755493,290.9797363,290.9797363,481.7212219,3670.755371,857.670166,2694.872314,1703.088989,1066.485229,1084.634766,871.6178589,851.454834,675.7927856,348.7535095,398.815918,2072.728516,1156.907593,1193.276611,533.7174683,740.2595215,773.3382568,2811.836914,2808.432861,2818.73999,305.6055603,269.50177,1052.097778,1045.110962,2778.405029,2171.227539,1981.574585,1981.574585,1311.656982,1257.235107,1279.239746,1279.239746,2765.886475,998.9324341,998.9324341,1305.706177,2819.548096,540.9559326,540.9559326,540.9559326,640.7269287,1302.344849,1302.344849,851.9158936,1278.714111,844.4072876,713.3148193,713.3148193,713.3148193,2858.623779,1287.064575,785.2595825,1284.928711,366.8138733,1261.358521
419.7341919,861.1313477,0,0,352.030365,352.030365,352.030365,352.030365,756.3022461,1662.133667,62.35185623,2240.654541,13.54866791,1802.021729,1658.506958,104.2305908,221.6127777,589.522522,589.522522,1336.223267,4504.763672,1718.282227,2150.888184,1697.227783,1851.604614,1864.766479,75.0412674,730.9349365,1426.465576,720.7294922,486.5473022,1704.447021,1542.814575,1575.638428,1079.841064,319.2432556,382.6806641,2221.185547,2217.496826,2219.799072,1131.773926,603.4121704,1856.165039,1851.577759,2137.818604,1745.480225,1677.683105,1677.683105,2163.600098,2001.407959,2023.447021,2023.447021,2160.764893,1851.45752,1851.45752,2165.819092,2222.588135,1393.689941,1393.689941,1393.689941,1499.758301,2158.051025,2158.051025,12.59603691,2020.741455,1704.508789,650.6948242,650.6948242,650.6948242,2245.156982,2028.861816,78.57042694,2144.217041,674.9072266,2004.081421
419.7341919,861.1313477,0,0,352.030365,352.030365,352.030365,352.030365,756.3022461,1662.133667,62.35185623,2240.654541,13.54866791,1802.021729,1658.506958,104.2305908,221.6127777,589.522522,589.522522,1336.223267,4504.763672,1718.282227,2150.888184,1697.227783,1851.604614,1864.766479,75.0412674,730.9349365,1426.465576,720.7294922,486.5473022,1704.447021,1542.814575,1575.638428,1079.841064,319.2432556,382.6806641,2221.185547,2217.496826,2219.799072,1131.773926,603.4121704,1856.165039,1851.577759,2137.818604,1745.480225,1677.683105,1677.683105,2163.600098,2001.407959,2023.447021,2023.447021,2160.764893,1851.45752,1851.45752,2165.819092,2222.588135,1393.689941,1393.689941,1393.689941,1499.758301,2158.051025,2158.051025,12.59603691,2020.741455,1704.508789,650.6948242,650.6948242,650.6948242,2245.156982,2028.861816,78.57042694,2144.217041,674.9072266,2004.081421
109.4404068,581.8411255,352.030365,352.030365,0,0,0,0,883.0968628,1492.099731,324.6412659,2317.55127,346.9906311,1507.802856,1485.471924,262.9833679,572.0252686,290.8647156,290.8647156,1062.332397,4168.731445,1428.279907,2186.247314,1474.915649,1635.337646,1651.749756,400.0257874,483.3262939,1082.105347,581.5181274,184.2726593,1637.373657,1506.271484,1541.915039,727.8235474,164.6378784,218.3579407,2285.173584,2281.632324,2288.907471,880.894043,313.15271,1627.303589,1621.002197,2233.027588,1709.190796,1578.214355,1578.214355,1845.071533,1811.038574,1833.259521,1833.259521,2233.302979,1578.512817,1578.512817,1860.615723,2290.486328,1121.923706,1121.923706,1121.923706,1216.657227,1843.960083,1843.960083,348.4150696,1831.778564,1416.796753,361.2633972,361.2633972,361.2633972,2323.555176,1840.104858,300.5203247,1836.686523,545.1981201,1814.566528
109.4404068,581.8411255,352.030365,352.030365,0,0,0,0,883.0968628,1492.099731,324.6412659,2317.55127,346.9906311,1507.802856,1485.471924,262.9833679,572.0252686,290.8647156,290.8647156,1062.332397,4168.731445,1428.279907,2186.247314,1474.915649,1635.337646,1651.749756,400.0257874,483.3262939,1082.105347,581.5181274,184.2726593,1637.373657,1506.271484,1541.915039,727.8235474,164.6378784,218.3579407,2285.173584,2281.632324,2288.907471,880.894043,313.15271,1627.303589,1621.002197,2233.027588,1709.190796,1578.214355,1578.214355,1845.071533,1811.038574,1833.259521,1833.259521,2233.302979,1578.512817,1578.512817,1860.615723,2290.486328,1121.923706,1121.923706,1121.923706,1216.657227,1843.960083,1843.960083,348.4150696,1831.778564,1416.796753,361.2633972,361.2633972,361.2633972,2323.555176,1840.104858,300.5203247,1836.686523,545.1981201,1814.566528
109.4404068,581.8411255,352.030365,352.030365,0,0,0,0,883.0968628,1492.099731,324.6412659,2317.55127,346.9906311,1507.802856,1485.471924,262.9833679,572.0252686,290.8647156,290.8647156,1062.332397,4168.731445,1428.279907,2186.247314,1474.915649,1635.337646,1651.749756,400.0257874,483.3262939,1082.105347,581.5181274,184.2726593,1637.373657,1506.271484,1541.915039,727.8235474,164.6378784,218.3579407,2285.173584,2281.632324,2288.907471,880.894043,313.15271,1627.303589,1621.002197,2233.027588,1709.190796,1578.214355,1578.214355,1845.071533,1811.038574,1833.259521,1833.259521,2233.302979,1578.512817,1578.512817,1860.615723,2290.486328,1121.923706,1121.923706,1121.923706,1216.657227,1843.960083,1843.960083,348.4150696,1831.778564,1416.796753,361.2633972,361.2633972,361.2633972,2323.555176,1840.104858,300.5203247,1836.686523,545.1981201,1814.566528
109.4404068,581.8411255,352.030365,352.030365,0,0,0,0,883.0968628,1492.099731,324.6412659,2317.55127,346.9906311,1507.802856,1485.471924,262.9833679,572.0252686,290.8647156,290.8647156,1062.332397,4168.731445,1428.279907,2186.247314,1474.915649,1635.337646,1651.749756,400.0257874,483.3262939,1082.105347,581.5181274,184.2726593,1637.373657,1506.271484,1541.915039,727.8235474,164.6378784,218.3579407,2285.173584,2281.632324,2288.907471,880.894043,313.15271,1627.303589,1621.002197,2233.027588,1709.190796,1578.214355,1578.214355,1845.071533,1811.038574,1833.259521,1833.259521,2233.302979,1578.512817,1578.512817,1860.615723,2290.486328,1121.923706,1121.923706,1121.923706,1216.657227,1843.960083,1843.960083,348.4150696,1831.778564,1416.796753,361.2633972,361.2633972,361.2633972,2323.555176,1840.104858,300.5203247,1836.686523,545.1981201,1814.566528
992.5291748,1458.836792,756.3022461,756.3022461,883.0968628,883.0968628,883.0968628,883.0968628,0,1228.198486,814.5829468,1484.466919,769.4669189,2353.851318,1231.617432,731.7266846,787.2492676,1170.293213,1170.293213,1932.64917,4880.876953,2280.199951,1405.769897,1381.236328,2518.358398,2534.840576,811.7177734,795.6899414,1823.85498,1433.476318,1066.748169,1076.358032,2298.200439,2331.310303,1416.623413,720.045166,687.0925293,1466.490601,1462.784668,1464.322021,1761.845703,1194.063232,2509.180908,2502.623047,1382.320801,1072.437622,1104.254761,1104.254761,2645.249268,2692.625244,2714.853027,2714.853027,1404.982422,2442.983887,2442.983887,2685.846191,1467.268433,1992.567383,1992.567383,1992.567383,2078.301025,2653.558838,2653.558838,768.7591553,2713.179932,2271.153809,856.2838745,856.2838745,856.2838745,1488.906982,2721.486572,820.475708,2658.475342,1390.73938,2696.027588
1558.012695,1808.189575,1662.133667,1662.133667,1492.099731,1492.099731,1492.099731,1492.099731,1228.198486,0,1689.371948,1516.838623,1669.509644,2359.130859,16.19039536,1571.853149,1820.984985,1632.755005,1632.755005,2124.49585,4301.837402,2320.924316,1251.044434,282.9754944,2758.358643,2781.574707,1737.166748,1016.013123,1695.222656,2012.310791,1590.840088,513.427063,2941.071777,2977.666504,1387.169922,1387.762939,1313.268677,1439.37854,1437.440918,1463.436768,2067.865723,1656.825317,2714.385986,2703.770264,1534.763794,673.9319458,351.4485168,351.4485168,2458.744385,2981.090332,3001.346924,3001.346924,1438.352539,2514.655273,2514.655273,2567.640137,1459.514771,2174.043213,2174.043213,2174.043213,2197.776611,2492.337158,2492.337158,1669.916138,3003.112061,2323.377197,1155.244995,1155.244995,1155.244995,1527.526367,3011.0625,1677.111328,2533.217773,1989.183228,2986.379395
379.4694519,807.5287476,62.35185623,62.35185623,324.6412659,324.6412659,324.6412659,324.6412659,814.5829468,1689.371948,0,2298.4021,48.96506882,1747.855469,1685.217407,117.5363159,251.5862122,541.7831421,541.7831421,1280.171997,4459.086914,1663.611816,2205.318359,1714.788086,1790.576172,1803.591919,75.50868988,737.5811768,1386.251465,658.7848511,442.0100403,1747.118164,1483.709839,1516.744995,1048.980347,322.202179,391.5126953,2277.991699,2274.310791,2276.980469,1073.960938,554.1193237,1795.757568,1791.269409,2196.686279,1792.005371,1715.937866,1715.937866,2113.573486,1939.453613,1961.482422,1961.482422,2218.145508,1794.540527,1794.540527,2113.085693,2279.683838,1337.285034,1337.285034,1337.285034,1444.494873,2107.046875,2107.046875,50.16176987,1958.750244,1649.542358,646.9433594,646.9433594,646.9433594,2303.010986,1966.864014,24.68370247,2091.924561,612.8970947,1942.107056
2423.610596,2851.793213,2240.654541,2240.654541,2317.55127,2317.55127,2317.55127,2317.55127,1484.466919,1516.838623,2298.4021,0,2253.767822,3643.937744,1532.572876,2210.106445,2253.827637,2582.434814,2582.434814,3290.13623,5815.369629,3584.827148,287.9141541,1799.694214,3914.253174,3933.548584,2295.695068,2027.620972,3016.915527,2893.529785,2490.967285,1004.927002,3780.949707,3814.407471,2629.665039,2154.709473,2101.24585,88.69771576,88.85319519,56.95039749,3155.765869,2608.241211,3891.933838,3883.650391,152.1750793,845.664917,1166.0271,1166.0271,3840.873535,4108.970703,4130.99707,4130.99707,87.05718231,3767.693359,3767.693359,3921.779541,63.40544128,3348.424805,3348.424805,3348.424805,3411.168945,3864.204346,3864.204346,2253.082031,4130.402344,3580.906982,2151.150879,2151.150879,2151.150879,11.28051376,4138.755371,2303.296143,3889.704346,2853.451172,4113.049805
411.9733887,850.4212036,13.54866791,13.54866791,346.9906311,346.9906311,346.9906311,346.9906311,769.4669189,1669.509644,48.96506882,2253.767822,0,1791.226074,1665.775024,105.9743652,225.2798615,580.1743164,580.1743164,1324.911743,4496.15332,1707.351563,2163.478027,1702.610474,1838.83667,1851.946899,68.8441391,733.7659912,1419.07666,707.5974121,477.8833313,1714.889404,1529.488403,1562.338501,1074.561523,320.7044067,385.5857544,2234.157471,2230.469971,2232.828125,1119.971924,593.7005005,1843.605957,1839.050659,2151.089111,1756.653564,1687.266968,1687.266968,2153.874512,1988.277222,2010.311523,2010.311523,2173.823242,1839.925415,1839.925415,2155.405273,2235.604248,1382.2854,1382.2854,1382.2854,1488.663574,2148.078857,2148.078857,1.52069068,2007.59314,1693.499634,651.2267456,651.2267456,651.2267456,2258.285889,2015.710327,66.32427979,2133.916016,661.7442017,1990.941284
1406.680176,940.9406128,1802.021729,1802.021729,1507.802856,1507.802856,1507.802856,1507.802856,2353.851318,2359.130859,1747.855469,3643.937744,1791.226074,0,2344.738037,1746.924561,1979.317627,1222.88501,1222.88501,477.0722656,2783.690674,88.76058197,3448.174561,2159.658936,560.1101074,584.1989136,1810.262573,1627.078979,664.3024902,1172.385864,1331.398682,2749.24585,1365.110718,1389.085815,1016.114502,1654.831787,1672.328735,3591.750244,3588.652832,3603.906982,697.8165894,1204.817017,483.3117676,471.0185852,3591.846436,2877.218506,2623.72998,2623.72998,433.7526245,777.4921875,789.9710693,789.9710693,3556.880859,181.878952,181.878952,374.7666016,3603.378174,427.0308228,427.0308228,427.0308228,308.5856934,402.2280273,402.2280273,1792.717041,795.6289673,108.0865555,1520.702515,1520.702515,1520.702515,3652.0896,801.1174927,1725.86145,360.9587097,1213.15625,783.803772
1550.5448,1797.491333,1658.506958,1658.506958,1485.471924,1485.471924,1485.471924,1485.471924,1231.617432,16.19039536,1685.217407,1532.572876,1665.775024,2344.738037,0,1567.723511,1818.767212,1623.802979,1623.802979,2111.728271,4285.860352,2306.794922,1267.033691,267.410553,2745.276611,2768.526367,1733.547119,1008.431213,1680.750122,2003.526855,1582.748657,528.90802,2931.648438,2968.249268,1374.198975,1382.47583,1308.001709,1455.217407,1453.272217,1479.220337,2056.185791,1647.787476,2701.073242,2690.435547,1550.046021,689.3841553,366.9832764,366.9832764,2443.275146,2968.220215,2988.446777,2988.446777,1453.985229,2500.560547,2500.560547,2552.423584,1475.315796,2161.120117,2161.120117,2161.120117,2184.339355,2476.960938,2476.960938,1666.195313,2990.238037,2309.322266,1147.199097,1147.199097,1147.199097,1543.251587,2998.180176,1672.758179,2517.985596,1980.674927,2973.520752
345.6150513,807.8430176,104.2305908,104.2305908,262.9833679,262.9833679,262.9833679,262.9833679,731.7266846,1571.853149,117.5363159,2210.106445,105.9743652,1746.924561,1567.723511,0,322.4553223,525.2475586,525.2475586,1288.060669,4429.40625,1664.806641,2108.173828,1599.344116,1826.051147,1840.370361,174.0128479,627.8360596,1344.678223,709.3670044,418.0126343,1634.53125,1571.40271,1605.192871,988.086853,215.0506134,279.7313843,2186.787842,2183.133057,2186.89624,1090.911621,542.255249,1826.226807,1821.02063,2112.558594,1682.894287,1600.660034,1600.660034,2097.712158,1985.049805,2007.208252,2007.208252,2128.725586,1805.141357,1805.141357,2106.33374,2189.336914,1346.5625,1346.5625,1346.5625,1448.569946,2094.36084,2094.36084,106.9092941,2004.902954,1651.953125,546.5444946,546.5444946,546.5444946,2215.067383,2013.113159,107.6749268,2083.636475,665.0501099,1988.014893
631.0004272,1043.755493,221.6127777,221.6127777,572.0252686,572.0252686,572.0252686,572.0252686,787.2492676,1820.984985,251.5862122,2253.827637,225.2798615,1979.317627,1818.767212,322.4553223,0,789.1426392,789.1426392,1506.512207,4705.755859,1893.660767,2191.713135,1878.484741,1982.550659,1993.651245,177.8118744,935.7486572,1637.314941,848.0570679,692.1662598,1811.595703,1572.63916,1602.879395,1299.065063,533.6759033,590.5537109,2242.979004,2239.241211,2238.301514,1293.778687,799.680542,1994.437622,1990.904785,2140.199707,1835.022827,1802.227417,1802.227417,2354.514648,2115.312256,2136.99292,2136.99292,2177.798096,2015.705078,2015.705078,2348.046143,2241.8396,1562.023926,1562.023926,1562.023926,1673.116577,2346.057129,2346.057129,223.8911896,2133.587646,1878.645386,866.1353149,866.1353149,866.1353149,2257.292236,2141.493652,276.2537537,2328.021729,801.9703979,2117.446533
184.7576294,290.9797363,589.522522,589.522522,290.8647156,290.8647156,290.8647156,290.8647156,1170.293213,1632.755005,541.7831421,2582.434814,580.1743164,1222.88501,1623.802979,525.2475586,789.1426392,0,0,771.9122314,3917.408936,1141.800781,2436.889893,1567.17981,1349.383301,1366.487915,611.9866333,628.9024658,854.6480103,380.3056946,108.7400131,1845.585083,1310.369385,1346.874512,568.9589233,450.5092163,488.2766113,2545.865479,2542.395264,2551.342285,591.5797729,26.20233727,1338.897339,1332.331421,2503.950439,1932.680298,1768.16333,1768.16333,1574.519775,1531.300049,1553.470093,1553.470093,2497.1875,1288.609619,1288.609619,1581.086914,2552.5,831.3953857,831.3953857,831.3953857,927.9603271,1569.963745,1569.963745,581.6942139,1552.375,1129.622314,485.48703,485.48703,485.48703,2588.897705,1560.725098,517.9674072,1558.434814,361.4200745,1535.075439
184.7576294,290.9797363,589.522522,589.522522,290.8647156,290.8647156,290.8647156,290.8647156,1170.293213,1632.755005,541.7831421,2582.434814,580.1743164,1222.88501,1623.802979,525.2475586,789.1426392,0,0,771.9122314,3917.408936,1141.800781,2436.889893,1567.17981,1349.383301,1366.487915,611.9866333,628.9024658,854.6480103,380.3056946,108.7400131,1845.585083,1310.369385,1346.874512,568.9589233,450.5092163,488.2766113,2545.865479,2542.395264,2551.342285,591.5797729,26.20233727,1338.897339,1332.331421,2503.950439,1932.680298,1768.16333,1768.16333,1574.519775,1531.300049,1553.470093,1553.470093,2497.1875,1288.609619,1288.609619,1581.086914,2552.5,831.3953857,831.3953857,831.3953857,927.9603271,1569.963745,1569.963745,581.6942139,1552.375,1129.622314,485.48703,485.48703,485.48703,2588.897705,1560.725098,517.9674072,1558.434814,361.4200745,1535.075439
956.477417,481.7212219,1336.223267,1336.223267,1062.332397,1062.332397,1062.332397,1062.332397,1932.64917,2124.49585,1280.171997,3290.13623,1324.911743,477.0722656,2111.728271,1288.060669,1506.512207,771.9122314,771.9122314,0,3252.771484,389.4172668,3116.06543,1968.638306,638.4769287,660.6259155,1340.044189,1264,569.1710205,696.5202637,880.2400513,2454.648193,1085.968018,1117.389771,738.2792358,1218.013916,1245.559204,3244.927734,3241.641846,3254.06665,221.6545105,751.0870972,605.1403809,596.0523682,3225.249268,2567.947266,2345.910889,2345.910889,886.7293701,856.93927,877.4389038,877.4389038,3203.482422,517.3062134,517.3062134,851.1791992,3254.315674,59.91846848,59.91846848,59.91846848,168.4889832,866.2312012,866.2312012,1326.379883,878.9824219,373.1629333,1139.373535,1139.373535,1139.373535,3297.535156,886.9951782,1258.948486,835.1585693,736.6047974,862.1495972
4086.055664,3670.755371,4504.763672,4504.763672,4168.731445,4168.731445,4168.731445,4168.731445,4880.876953,4301.837402,4459.086914,5815.369629,4496.15332,2783.690674,4285.860352,4429.40625,4705.755859,3917.408936,3917.408936,3252.771484,0,2872.317871,5552.875488,4020.64209,3069.549805,3077.397949,4529.19873,4085.189453,3090.665771,3947.588135,4018.275635,4810.817871,3987.194336,3998.179443,3481.258301,4282.943848,4273.836914,5739.996582,5737.943359,5763.071777,3474.055908,3906.131348,3007.4375,3002.448975,5819.124512,4969.709473,4650.561035,4650.561035,2367.577881,3123.769531,3114.805176,3114.805176,5734.551758,2818.104492,2818.104492,2411.98584,5759.482422,3207.818848,3207.818848,3207.818848,3086.698242,2386.612061,2386.612061,4497.67334,3122.855469,2891.659912,4037.798096,4037.798096,4037.798096,5825.832031,3120.405762,4435.123047,2422.931885,3985.782471,3127.262207
1326.0625,857.670166,1718.282227,1718.282227,1428.279907,1428.279907,1428.279907,1428.279907,2280.199951,2320.924316,1663.611816,3584.827148,1707.351563,88.76058197,2306.794922,1664.806641,1893.660767,1141.800781,1141.800781,389.4172668,2872.317871,0,3393.181641,2128.912109,532.260498,557.184082,1725.352539,1563.128296,632.2286987,1083.995239,1250.473633,2700.630615,1295.719116,1320.829102,962.2885742,1577.241821,1596.729614,3533.983887,3530.846924,3545.552979,609.6464844,1123.167236,460.4789734,448.0756836,3530.152588,2826.007324,2578.059082,2578.059082,518.7832031,758.2376099,772.6976318,772.6976318,3497.789307,194.0326996,194.0326996,463.3832703,3545.177734,338.5413208,338.5413208,338.5413208,221.1281586,489.4798889,489.4798889,1708.837402,777.6598511,21.80748558,1453.110474,1453.110474,1453.110474,3592.834961,783.8081665,1641.807617,449.6976624,1124.935181,764.4970703
2288.666504,2694.872314,2150.888184,2150.888184,2186.247314,2186.247314,2186.247314,2186.247314,1405.769897,1251.044434,2205.318359,287.9141541,2163.478027,3448.174561,1267.033691,2108.173828,2191.713135,2436.889893,2436.889893,3116.06543,5552.875488,3393.181641,0,1532.571899,3747.731934,3767.982422,2211.792969,1853.264893,2808.436768,2767.387451,2351.859131,746.4390259,3675.937012,3710.375244,2432.111328,2027.421997,1967.92334,200.4335938,199.6507263,230.9660492,2995.222656,2463.017578,3720.742432,3711.911865,377.0365601,592.8417969,903.9118042,903.9118042,3623.536133,3949.655762,3971.466309,3971.466309,235.0148315,3579.635254,3579.635254,3711.635986,224.7448578,3173.224854,3173.224854,3173.224854,3228.68335,3649.505859,3649.505859,2162.965332,3971.35791,3390.594238,1984.396484,1984.396484,1984.396484,299.1899414,3979.684326,2207.261719,3678.858398,2729.616699,3954.013916
1523.470093,1703.088989,1697.227783,1697.227783,1474.915649,1474.915649,1474.915649,1474.915649,1381.236328,282.9754944,1714.788086,1799.694214,1702.610474,2159.658936,267.410553,1599.344116,1878.484741,1567.17981,1567.17981,1968.638306,4020.64209,2128.912109,1532.571899,0,2591.757813,2615.721924,1771.437378,992.4168701,1497.067139,1945.876709,1543.412476,796.3158569,2855.728516,2892.300049,1233.630859,1397.549438,1324.958374,1721.915039,1720.009033,1746.172485,1938.237915,1589.13855,2542.200928,2531.073486,1817.196899,956.7796021,634.3890991,634.3890991,2225.667236,2818.940186,2838.404541,2838.404541,1721.323486,2322.832764,2322.832764,2342.819824,1742.19519,2014.048218,2014.048218,2014.048218,2024.680786,2262.395996,2262.395996,1703.254761,2840.800293,2133.385498,1117.835571,1117.835571,1117.835571,1810.39917,2848.522705,1699.145508,2307.975586,1928.580444,2824.487549
1525.947144,1066.485229,1851.604614,1851.604614,1635.337646,1635.337646,1635.337646,1635.337646,2518.358398,2758.358643,1790.576172,3914.253174,1838.83667,560.1101074,2745.276611,1826.051147,1982.550659,1349.383301,1349.383301,638.4769287,3069.549805,532.260498,3747.731934,2591.757813,0,25.18873978,1836.891113,1894.500977,1121.697021,1136.03064,1451.633667,3092.810547,923.1310425,937.8635864,1371.322998,1798.477051,1837.289063,3871.809814,3868.464111,3879.821289,760.8900146,1325.027832,80.33650208,91.62730408,3843.746094,3204.765869,2984.332764,2984.332764,905.6516724,231.487854,249.0201569,249.0201569,3827.977051,389.5205383,389.5205383,768.7926025,3880.361084,585.6234741,585.6234741,585.6234741,568.5703735,854.2119751,854.2119751,1840.16626,252.5308228,517.2081299,1764.758545,1764.758545,1764.758545,3921.325928,259.6854553,1773.200684,780.3297119,1182.326538,237.5018463
1542.327393,1084.634766,1864.766479,1864.766479,1651.749756,1651.749756,1651.749756,1651.749756,2534.840576,2781.574707,1803.591919,3933.548584,1851.946899,584.1989136,2768.526367,1840.370361,1993.651245,1366.487915,1366.487915,660.6259155,3077.397949,557.184082,3767.982422,2615.721924,25.18873978,0,1849.189819,1914.842896,1146.61499,1147.983276,1468.237305,3114.523193,912.7481689,926.6515503,1394.459351,1815.123779,1854.581909,3891.424805,3888.072266,3899.303467,779.1436157,1342.001709,102.3500595,114.184761,3862.468994,3225.998291,3006.533447,3006.533447,925.4759521,206.4794312,224.2348175,224.2348175,3847.321533,412.4671631,412.4671631,786.8634033,3899.876953,608.3019409,608.3019409,608.3019409,593.0055542,873.5890503,873.5890503,1853.267822,227.6168976,542.2283325,1784.599854,1784.599854,1784.599854,3940.584961,234.840271,1786.428345,799.1252441,1194.282715,212.4678345
453.6315918,871.6178589,75.0412674,75.0412674,400.0257874,400.0257874,400.0257874,400.0257874,811.7177734,1737.166748,75.50868988,2295.695068,68.8441391,1810.262573,1733.547119,174.0128479,177.8118744,611.9866333,611.9866333,1340.044189,4529.19873,1725.352539,2211.792969,1771.437378,1836.891113,1849.189819,0,801.7044678,1459.531128,701.4227295,514.3642578,1775.829346,1493.368042,1525.575073,1124.369263,387.6350708,453.7194824,2278.144043,2274.441406,2276.026611,1130.756104,623.1467896,1844.655273,1840.534668,2190.236572,1814.540161,1750.900879,1750.900879,2180.5354,1979.880493,2001.801758,2001.801758,2216.611084,1852.490601,1852.490601,2177.184082,2278.985352,1396.493896,1396.493896,1396.493896,1505.49231,2173.056396,2173.056396,68.1827774,1998.820679,1710.855469,716.5044556,716.5044556,716.5044556,2299.963623,2006.865845,100.0048599,2156.546143,655.1566772,1982.346069
542.1572876,851.454834,730.9349365,730.9349365,483.3262939,483.3262939,483.3262939,483.3262939,795.6899414,1016.013123,737.5811768,2027.620972,733.7659912,1627.078979,1008.431213,627.8360596,935.7486572,628.9024658,628.9024658,1264,4085.189453,1563.128296,1853.264893,992.4168701,1894.500977,1914.842896,801.7044678,0,1043.987793,1003.240356,576.3861694,1222.985352,1937.923584,1974.34021,635.7614136,415.384613,348.257019,1981.151123,1977.88269,1990.690796,1145.447144,654.2938232,1867.94751,1859.266968,1967.936523,1319.858398,1139.905396,1139.905396,1875.625122,2098.375977,2120.052246,2120.052246,1940.794922,1742.428467,1742.428467,1932.138672,1990.818359,1321.783936,1321.783936,1321.783936,1383.865723,1889.28064,1889.28064,734.6625977,2120.185791,1557.893921,143.4217987,143.4217987,143.4217987,2035.226074,2128.487793,719.2885132,1902.48584,977.2005615,2102.870361
1007.266113,675.7927856,1426.465576,1426.465576,1082.105347,1082.105347,1082.105347,1082.105347,1823.85498,1695.222656,1386.251465,3016.915527,1419.07666,664.3024902,1680.750122,1344.678223,1637.314941,854.6480103,854.6480103,569.1710205,3090.665771,632.2286987,2808.436768,1497.067139,1121.697021,1146.61499,1459.531128,1043.987793,0,1020.276917,945.5488281,2096.153564,1643.311646,1676.180542,408.7345276,1192.300903,1185.253296,2960.199707,2957.242188,2974.320068,671.6036987,849.2888184,1063.045776,1051.259521,2975.07373,2229.197754,1966.051392,1966.051392,833.6115723,1353.064941,1370.6698,1370.6698,2930.039795,825.9506836,825.9506836,904.8648071,2973.264648,591.9866943,591.9866943,591.9866943,559.1053467,851.0900879,851.0900879,1420.580566,1374.221069,637.5710449,967.612915,967.612915,967.612915,3025.566162,1381.37439,1361.714233,872.8991699,1041.9646,1359.013184
483.0916138,348.7535095,720.7294922,720.7294922,581.5181274,581.5181274,581.5181274,581.5181274,1433.476318,2012.310791,658.7848511,2893.529785,707.5974121,1172.385864,2003.526855,709.3670044,848.0570679,380.3056946,380.3056946,696.5202637,3947.588135,1083.995239,2767.387451,1945.876709,1136.03064,1147.983276,701.4227295,1003.240356,1020.276917,0,430.5263062,2207.795898,935.6611328,971.9387817,860.5787354,740.5180664,799.8309326,2863.435059,2859.86499,2866.322266,474.9147339,357.2576294,1146.403687,1142.847778,2804.382813,2286.351807,2137.850586,2137.850586,1580.090576,1280.680542,1302.717651,1302.717651,2809.987549,1183.733765,1183.733765,1547.067261,2868.114258,745.4665527,745.4665527,745.4665527,864.4836426,1561.90979,1561.90979,708.8544312,1300.018311,1066.462402,860.5383911,860.5383911,860.5383911,2899.231934,1308.142822,643.2473145,1531.600464,46.30014038,1283.352417
76.25269318,398.815918,486.5473022,486.5473022,184.2726593,184.2726593,184.2726593,184.2726593,1066.748169,1590.840088,442.0100403,2490.967285,477.8833313,1331.398682,1582.748657,418.0126343,692.1662598,108.7400131,108.7400131,880.2400513,4018.275635,1250.473633,2351.859131,1543.412476,1451.633667,1468.237305,514.3642578,576.3861694,945.5488281,430.5263062,0,1777.772339,1366.00354,1402.219482,631.2406616,346.8905029,390.752655,2456.342285,2452.838135,2461.012939,696.6295166,129.3793488,1443.095947,1436.764893,2409.556396,1858.782471,1707.478516,1707.478516,1680.079468,1629.437622,1651.645142,1651.645142,2406.162842,1397.118652,1397.118652,1688.735352,2462.366943,939.6351929,939.6351929,939.6351929,1036.684692,1676.37854,1676.37854,479.4028931,1650.311401,1238.340698,435.6001892,435.6001892,435.6001892,2497.215088,1658.649048,417.7098389,1665.814819,401.6808472,1633.061035
1726.575806,2072.728516,1704.447021,1704.447021,1637.373657,1637.373657,1637.373657,1637.373657,1076.358032,513.427063,1747.118164,1004.927002,1714.889404,2749.24585,528.90802,1634.53125,1811.595703,1845.585083,1845.585083,2454.648193,4810.817871,2700.630615,746.4390259,796.3158569,3092.810547,3114.523193,1775.829346,1222.985352,2096.153564,2207.795898,1777.772339,0,3141.423584,3177.35791,1740.16687,1497.147095,1426.917114,929.3039551,927.2079468,952.2785645,2360.178711,1871.536987,3058.140381,3048.468506,1021.85199,160.5316467,162.0313568,162.0313568,2896.954346,3305.473877,3326.721924,3326.721924,925.4724731,2891.187744,2891.187744,2992.751465,948.6643677,2509.170654,2509.170654,2509.170654,2551.820068,2925.667725,2925.667725,1714.839478,3327.465332,2700.062256,1364.641602,1364.641602,1364.641602,1015.497192,3335.675293,1741.702515,2959.266357,2176.200195,3310.284668
1414.853027,1156.907593,1542.814575,1542.814575,1506.271484,1506.271484,1506.271484,1506.271484,2298.200439,2941.071777,1483.709839,3780.949707,1529.488403,1365.110718,2931.648438,1571.40271,1572.63916,1310.369385,1310.369385,1085.968018,3987.194336,1295.719116,3675.937012,2855.728516,923.1310425,912.7481689,1493.368042,1937.923584,1643.311646,935.6611328,1366.00354,3141.423584,0,36.62313461,1673.815308,1656.111816,1721.674316,3758.183105,3754.529785,3758.241211,985.0274048,1285.645508,992.3406982,999.3948364,3680.395996,3215.417236,3073.469482,3073.469482,1780.606079,877.2545166,890.3442993,890.3442993,3699.935547,1247.461426,1247.461426,1666.093628,3760.712646,1082.197388,1082.197388,1082.197388,1170.633911,1736.294189,1736.294189,1530.269897,882.8861084,1274.189697,1794.800537,1794.800537,1794.800537,3785.753662,887.1482544,1477.914185,1670.697144,965.4483643,874.9071045
1450.810669,1193.276611,1575.638428,1575.638428,1541.915039,1541.915039,1541.915039,1541.915039,2331.310303,2977.666504,1516.744995,3814.407471,1562.338501,1389.085815,2968.249268,1605.192871,1602.879395,1346.874512,1346.874512,1117.389771,3998.179443,1320.829102,3710.375244,2892.300049,937.8635864,926.6515503,1525.575073,1974.34021,1676.180542,971.9387817,1402.219482,3177.35791,36.62313461,0,1709.611084,1691.36084,1757.120972,3791.969727,3788.313232,3791.901367,1019.421875,1322.169189,1008.436584,1015.820862,3713.385254,3251.000488,3109.696777,3109.696777,1802.241577,883.2216797,895.5673218,895.5673218,3733.519043,1268.419556,1268.419556,1685.692261,3794.402832,1112.550415,1112.550415,1112.550415,1199.391235,1757.320313,1757.320313,1563.106201,887.9743652,1299.375488,1831.236084,1831.236084,1831.236084,3819.171143,891.939209,1511.19873,1690.933472,1001.517456,880.6353149
676.0408936,533.7174683,1079.841064,1079.841064,727.8235474,727.8235474,727.8235474,727.8235474,1416.623413,1387.169922,1048.980347,2629.665039,1074.561523,1016.114502,1374.198975,988.086853,1299.065063,568.9589233,568.9589233,738.2792358,3481.258301,962.2885742,2432.111328,1233.630859,1371.322998,1394.459351,1124.369263,635.7614136,408.7345276,860.5787354,631.2406616,1740.16687,1673.815308,1709.611084,0,812.7893677,795.4128418,2576.330566,2573.259766,2588.922119,712.3847046,574.7717285,1328.891113,1318.522583,2581.54541,1863.844604,1621.916748,1621.916748,1239.986328,1594.113159,1614.284424,1614.284424,2542.621094,1151.464111,1151.464111,1300.819702,2588.268555,786.9462891,786.9462891,786.9462891,814.9954224,1254.515503,1254.515503,1076.001709,1616.121826,960.802063,561.2481079,561.2481079,561.2481079,2637.972168,1624.046997,1024.385132,1270.338257,864.7419434,1599.440063
273.6627197,740.2595215,319.2432556,319.2432556,164.6378784,164.6378784,164.6378784,164.6378784,720.045166,1387.762939,322.202179,2154.709473,320.7044067,1654.831787,1382.47583,215.0506134,533.6759033,450.5092163,450.5092163,1218.013916,4282.943848,1577.241821,2027.421997,1397.549438,1798.477051,1815.123779,387.6350708,415.384613,1192.300903,740.5180664,346.8905029,1497.147095,1656.111816,1691.36084,812.7893677,0,74.50671387,2123.349854,2119.791992,2126.645264,1042.060547,474.0675049,1789.230835,1782.740356,2069.060059,1561.712891,1447.223267,1447.223267,1978.234131,1975.456177,1997.674438,1997.674438,2070.717773,1732.368042,1732.368042,2001.510376,2128.32666,1277.828369,1277.828369,1277.828369,1368.918457,1979.973511,1979.973511,321.7093506,1996.228271,1566.628418,332.5079041,332.5079041,332.5079041,2160.61084,2004.557373,304.0872498,1976.448486,702.2161255,1979.00708
322.4010925,773.3382568,382.6806641,382.6806641,218.3579407,218.3579407,218.3579407,218.3579407,687.0925293,1313.268677,391.5126953,2101.24585,385.5857544,1672.328735,1308.001709,279.7313843,590.5537109,488.2766113,488.2766113,1245.559204,4273.836914,1596.729614,1967.92334,1324.958374,1837.289063,1854.581909,453.7194824,348.257019,1185.253296,799.8309326,390.752655,1426.917114,1721.674316,1757.120972,795.4128418,74.50671387,0,2067.897949,2064.369385,2071.988037,1077.862183,513.1464233,1825.211914,1818.342407,2018.851196,1494.253662,1374.735229,1374.735229,1983.747314,2019.033936,2041.222778,2041.222778,2016.713257,1756.700806,1756.700806,2013.038452,2073.47583,1305.477173,1305.477173,1305.477173,1392.223022,1987.635132,1987.635132,386.4663391,2040.019287,1586.991577,281.0837402,281.0837402,281.0837402,2107.380371,2048.364258,374.6852722,1987.082397,763.1195679,2022.740845
2390.223389,2811.836914,2221.185547,2221.185547,2285.173584,2285.173584,2285.173584,2285.173584,1466.490601,1439.37854,2277.991699,88.69771576,2234.157471,3591.750244,1455.217407,2186.787842,2242.979004,2545.865479,2545.865479,3244.927734,5739.996582,3533.983887,200.4335938,1721.915039,3871.809814,3891.424805,2278.144043,1981.151123,2960.199707,2863.435059,2456.342285,929.3039551,3758.183105,3791.969727,2576.330566,2123.349854,2067.897949,0,3.750520706,33.40003586,3114.867188,2571.801514,3847.954834,3839.489014,213.1385956,771.3514404,1089.492676,1089.492676,3781.481934,4068.953857,4090.918457,4090.918457,78.77185059,3718.112793,3718.112793,3864.858887,25.71425056,3302.879883,3302.879883,3302.879883,3363.269531,3805.719482,3805.719482,2233.524658,4090.481689,3530.503662,2107.289063,2107.289063,2107.289063,99.83786011,4098.82959,2281.97168,3832.536133,2824.051025,4073.125244
2386.69873,2808.432861,2217.496826,2217.496826,2281.632324,2281.632324,2281.632324,2281.632324,1462.784668,1437.440918,2274.310791,88.85319519,2230.469971,3588.652832,1453.272217,2183.133057,2239.241211,2542.395264,2542.395264,3241.641846,5737.943359,3530.846924,199.6507263,1720.009033,3868.464111,3888.072266,2274.441406,1977.88269,2957.242188,2859.86499,2452.838135,927.2079468,3754.529785,3788.313232,2573.259766,2119.791992,2064.369385,3.750520706,0,32.7471962,3111.484375,2568.329346,3844.643311,3836.181641,210.9569855,769.1523438,1087.471924,1087.471924,3778.625488,4065.557617,4087.523682,4087.523682,75.50868988,3714.94165,3714.94165,3861.914307,25.4905014,3299.602539,3299.602539,3299.602539,3360.05127,3802.829834,3802.829834,2229.836426,4087.08374,3527.354248,2103.960693,2103.960693,2103.960693,100.0550613,4095.431641,2278.298828,3829.599854,2820.471191,4069.727295
2394.381836,2818.73999,2219.799072,2219.799072,2288.907471,2288.907471,2288.907471,2288.907471,1464.322021,1463.436768,2276.980469,56.95039749,2232.828125,3603.906982,1479.220337,2186.89624,2238.301514,2551.342285,2551.342285,3254.06665,5763.071777,3545.552979,230.9660492,1746.172485,3879.821289,3899.303467,2276.026611,1990.690796,2974.320068,2866.322266,2461.012939,952.2785645,3758.241211,3791.901367,2588.922119,2126.645264,2071.988037,33.40003586,32.7471962,0,3122.187744,2577.228516,3856.609131,3848.219727,182.799408,793.569458,1112.99707,1112.99707,3796.846191,4075.9646,4097.956055,4097.956055,61.60512543,3729.145508,3729.145508,3879.115479,8.202753067,3312.165283,3312.165283,3312.165283,3373.561279,3820.675293,3820.675293,2232.174561,4097.453613,3541.88208,2115.740967,2115.740967,2115.740967,68.22873688,4105.803711,2281.316895,3846.9021,2826.656006,4080.0979
772.2299194,305.6055603,1131.773926,1131.773926,880.894043,880.894043,880.894043,880.894043,1761.845703,2067.865723,1073.960938,3155.765869,1119.971924,697.8165894,2056.185791,1090.911621,1293.778687,591.5797729,591.5797729,221.6545105,3474.055908,609.6464844,2995.222656,1938.237915,760.8900146,779.1436157,1130.756104,1145.447144,671.6036987,474.9147339,696.6295166,2360.178711,985.0274048,1019.421875,712.3847046,1042.060547,1077.862183,3114.867188,3111.484375,3122.187744,0,568.109375,747.4776611,740.7996216,3083.490967,2463.957275,2262.188721,2262.188721,1107.312988,954.5420532,976.413147,976.413147,3069.710205,722.0357666,722.0357666,1072.341675,3122.894775,271.5895691,271.5895691,271.5895691,389.6119385,1087.676636,1087.676636,1121.40918,976.1978149,592.5606689,1010.997192,1010.997192,1010.997192,3162.689209,984.5310059,1053.684692,1056.688721,515.3418579,958.8483887
205.6046753,269.50177,603.4121704,603.4121704,313.15271,313.15271,313.15271,313.15271,1194.063232,1656.825317,554.1193237,2608.241211,593.7005005,1204.817017,1647.787476,542.255249,799.680542,26.20233727,26.20233727,751.0870972,3906.131348,1123.167236,2463.017578,1589.13855,1325.027832,1342.001709,623.1467896,654.2938232,849.2888184,357.2576294,129.3793488,1871.536987,1285.645508,1322.169189,574.7717285,474.0675049,513.1464233,2571.801514,2568.329346,2577.228516,568.109375,0,1315.163452,1308.68689,2529.492188,1958.822876,1793.753418,1793.753418,1560.19519,1506.095337,1528.272583,1528.272583,2523.024902,1268.125366,1268.125366,1564.551025,2578.398926,810.4143066,810.4143066,810.4143066,908.3704224,1554.846313,1554.846313,595.2175293,1527.139893,1110.696899,510.8722839,510.8722839,510.8722839,2614.687988,1535.488525,530.6044312,1542.253418,340.009552,1509.847046
1518.221436,1052.097778,1856.165039,1856.165039,1627.303589,1627.303589,1627.303589,1627.303589,2509.180908,2714.385986,1795.757568,3891.933838,1843.605957,483.3117676,2701.073242,1826.226807,1994.437622,1338.897339,1338.897339,605.1403809,3007.4375,460.4789734,3720.742432,2542.200928,80.33650208,102.3500595,1844.655273,1867.94751,1063.045776,1146.403687,1443.095947,3058.140381,992.3406982,1008.436584,1328.891113,1789.230835,1825.211914,3847.954834,3844.643311,3856.609131,747.4776611,1315.163452,0,12.41533852,3824.144287,3172.750244,2946.833252,2946.833252,825.7057495,297.7809753,312.6723022,312.6723022,3805.442139,310.1855469,310.1855469,690.2935791,3856.986084,549.2452393,549.2452393,549.2452393,517.7404175,774.5481567,774.5481567,1844.966431,317.4015198,446.675293,1740.886719,1740.886719,1740.886719,3899.178955,323.7363892,1777.611816,701.1359863,1192.548218,304.0331421
1511.983154,1045.110962,1851.577759,1851.577759,1621.002197,1621.002197,1621.002197,1621.002197,2502.623047,2703.770264,1791.269409,3883.650391,1839.050659,471.0185852,2690.435547,1821.02063,1990.904785,1332.331421,1332.331421,596.0523682,3002.448975,448.0756836,3711.911865,2531.073486,91.62730408,114.184761,1840.534668,1859.266968,1051.259521,1142.847778,1436.764893,3048.468506,999.3948364,1015.820862,1318.522583,1782.740356,1818.342407,3839.489014,3836.181641,3848.219727,740.7996216,1308.68689,12.41533852,0,3816.193359,3163.365723,2936.863281,2936.863281,815.2355957,310.1754456,325.0111084,325.0111084,3797.135254,298.2831116,298.2831116,680.7347412,3848.577393,539.8502197,539.8502197,539.8502197,506.7867737,764.3052368,764.3052368,1840.415283,329.7663879,434.3015137,1732.541992,1732.541992,1732.541992,3890.916016,336.0808716,1773.015625,691.2040405,1188.951294,316.4295959
2340.401123,2778.405029,2137.818604,2137.818604,2233.027588,2233.027588,2233.027588,2233.027588,1382.320801,1534.763794,2196.686279,152.1750793,2151.089111,3591.846436,1550.046021,2112.558594,2140.199707,2503.950439,2503.950439,3225.249268,5819.124512,3530.152588,377.0365601,1817.196899,3843.746094,3862.468994,2190.236572,1967.936523,2975.07373,2804.382813,2409.556396,1021.85199,3680.395996,3713.385254,2581.54541,2069.060059,2018.851196,213.1385956,210.9569855,182.799408,3083.490967,2529.492188,3824.144287,3816.193359,0,861.4302979,1183.803467,1183.803467,3803.74707,4034.142578,4056.25415,4056.25415,145.7438965,3710.364746,3710.364746,3879.162354,190.9055786,3284.068359,3284.068359,3284.068359,3351.075684,3825.042969,3825.042969,2150.334961,4055.394287,3525.379639,2086.269531,2086.269531,2086.269531,148.1985779,4063.749512,2202.796631,3847.652588,2763.334229,4038.062744
